{
 "cells": [
  {
   "cell_type": "code",
   "execution_count": 5,
   "id": "c137fb0a-e1ff-4711-8e52-3559a038ddda",
   "metadata": {
    "tags": []
   },
   "outputs": [
    {
     "data": {
      "text/html": [
       "<div>\n",
       "<style scoped>\n",
       "    .dataframe tbody tr th:only-of-type {\n",
       "        vertical-align: middle;\n",
       "    }\n",
       "\n",
       "    .dataframe tbody tr th {\n",
       "        vertical-align: top;\n",
       "    }\n",
       "\n",
       "    .dataframe thead th {\n",
       "        text-align: right;\n",
       "    }\n",
       "</style>\n",
       "<table border=\"1\" class=\"dataframe\">\n",
       "  <thead>\n",
       "    <tr style=\"text-align: right;\">\n",
       "      <th></th>\n",
       "      <th>studytime</th>\n",
       "      <th>health</th>\n",
       "      <th>absences</th>\n",
       "      <th>higher</th>\n",
       "      <th>failures</th>\n",
       "      <th>internet</th>\n",
       "      <th>schoolsup</th>\n",
       "      <th>paid</th>\n",
       "      <th>G1</th>\n",
       "      <th>G2</th>\n",
       "      <th>G3</th>\n",
       "    </tr>\n",
       "  </thead>\n",
       "  <tbody>\n",
       "    <tr>\n",
       "      <th>studytime</th>\n",
       "      <td>1.000000</td>\n",
       "      <td>-0.056433</td>\n",
       "      <td>-0.118389</td>\n",
       "      <td>0.188256</td>\n",
       "      <td>-0.147441</td>\n",
       "      <td>0.037529</td>\n",
       "      <td>0.089316</td>\n",
       "      <td>-0.002314</td>\n",
       "      <td>0.260875</td>\n",
       "      <td>0.240498</td>\n",
       "      <td>0.249789</td>\n",
       "    </tr>\n",
       "    <tr>\n",
       "      <th>health</th>\n",
       "      <td>-0.056433</td>\n",
       "      <td>1.000000</td>\n",
       "      <td>-0.030235</td>\n",
       "      <td>0.017290</td>\n",
       "      <td>0.035588</td>\n",
       "      <td>-0.022792</td>\n",
       "      <td>0.022760</td>\n",
       "      <td>0.063203</td>\n",
       "      <td>-0.051647</td>\n",
       "      <td>-0.082179</td>\n",
       "      <td>-0.098851</td>\n",
       "    </tr>\n",
       "    <tr>\n",
       "      <th>absences</th>\n",
       "      <td>-0.118389</td>\n",
       "      <td>-0.030235</td>\n",
       "      <td>1.000000</td>\n",
       "      <td>-0.129891</td>\n",
       "      <td>0.122779</td>\n",
       "      <td>0.067301</td>\n",
       "      <td>-0.059503</td>\n",
       "      <td>-0.035959</td>\n",
       "      <td>-0.147149</td>\n",
       "      <td>-0.124745</td>\n",
       "      <td>-0.091379</td>\n",
       "    </tr>\n",
       "    <tr>\n",
       "      <th>higher</th>\n",
       "      <td>0.188256</td>\n",
       "      <td>0.017290</td>\n",
       "      <td>-0.129891</td>\n",
       "      <td>1.000000</td>\n",
       "      <td>-0.309400</td>\n",
       "      <td>0.070345</td>\n",
       "      <td>0.085355</td>\n",
       "      <td>0.024112</td>\n",
       "      <td>0.349030</td>\n",
       "      <td>0.331953</td>\n",
       "      <td>0.332172</td>\n",
       "    </tr>\n",
       "    <tr>\n",
       "      <th>failures</th>\n",
       "      <td>-0.147441</td>\n",
       "      <td>0.035588</td>\n",
       "      <td>0.122779</td>\n",
       "      <td>-0.309400</td>\n",
       "      <td>1.000000</td>\n",
       "      <td>-0.095330</td>\n",
       "      <td>-0.000745</td>\n",
       "      <td>0.069416</td>\n",
       "      <td>-0.384210</td>\n",
       "      <td>-0.385782</td>\n",
       "      <td>-0.393316</td>\n",
       "    </tr>\n",
       "    <tr>\n",
       "      <th>internet</th>\n",
       "      <td>0.037529</td>\n",
       "      <td>-0.022792</td>\n",
       "      <td>0.067301</td>\n",
       "      <td>0.070345</td>\n",
       "      <td>-0.095330</td>\n",
       "      <td>1.000000</td>\n",
       "      <td>-0.025942</td>\n",
       "      <td>0.031823</td>\n",
       "      <td>0.139931</td>\n",
       "      <td>0.147909</td>\n",
       "      <td>0.150025</td>\n",
       "    </tr>\n",
       "    <tr>\n",
       "      <th>schoolsup</th>\n",
       "      <td>0.089316</td>\n",
       "      <td>0.022760</td>\n",
       "      <td>-0.059503</td>\n",
       "      <td>0.085355</td>\n",
       "      <td>-0.000745</td>\n",
       "      <td>-0.025942</td>\n",
       "      <td>1.000000</td>\n",
       "      <td>0.040512</td>\n",
       "      <td>-0.071779</td>\n",
       "      <td>-0.056624</td>\n",
       "      <td>-0.066405</td>\n",
       "    </tr>\n",
       "    <tr>\n",
       "      <th>paid</th>\n",
       "      <td>-0.002314</td>\n",
       "      <td>0.063203</td>\n",
       "      <td>-0.035959</td>\n",
       "      <td>0.024112</td>\n",
       "      <td>0.069416</td>\n",
       "      <td>0.031823</td>\n",
       "      <td>0.040512</td>\n",
       "      <td>1.000000</td>\n",
       "      <td>-0.062784</td>\n",
       "      <td>-0.033925</td>\n",
       "      <td>-0.054898</td>\n",
       "    </tr>\n",
       "    <tr>\n",
       "      <th>G1</th>\n",
       "      <td>0.260875</td>\n",
       "      <td>-0.051647</td>\n",
       "      <td>-0.147149</td>\n",
       "      <td>0.349030</td>\n",
       "      <td>-0.384210</td>\n",
       "      <td>0.139931</td>\n",
       "      <td>-0.071779</td>\n",
       "      <td>-0.062784</td>\n",
       "      <td>1.000000</td>\n",
       "      <td>0.864982</td>\n",
       "      <td>0.826387</td>\n",
       "    </tr>\n",
       "    <tr>\n",
       "      <th>G2</th>\n",
       "      <td>0.240498</td>\n",
       "      <td>-0.082179</td>\n",
       "      <td>-0.124745</td>\n",
       "      <td>0.331953</td>\n",
       "      <td>-0.385782</td>\n",
       "      <td>0.147909</td>\n",
       "      <td>-0.056624</td>\n",
       "      <td>-0.033925</td>\n",
       "      <td>0.864982</td>\n",
       "      <td>1.000000</td>\n",
       "      <td>0.918548</td>\n",
       "    </tr>\n",
       "    <tr>\n",
       "      <th>G3</th>\n",
       "      <td>0.249789</td>\n",
       "      <td>-0.098851</td>\n",
       "      <td>-0.091379</td>\n",
       "      <td>0.332172</td>\n",
       "      <td>-0.393316</td>\n",
       "      <td>0.150025</td>\n",
       "      <td>-0.066405</td>\n",
       "      <td>-0.054898</td>\n",
       "      <td>0.826387</td>\n",
       "      <td>0.918548</td>\n",
       "      <td>1.000000</td>\n",
       "    </tr>\n",
       "  </tbody>\n",
       "</table>\n",
       "</div>"
      ],
      "text/plain": [
       "           studytime    health  absences    higher  failures  internet  \\\n",
       "studytime   1.000000 -0.056433 -0.118389  0.188256 -0.147441  0.037529   \n",
       "health     -0.056433  1.000000 -0.030235  0.017290  0.035588 -0.022792   \n",
       "absences   -0.118389 -0.030235  1.000000 -0.129891  0.122779  0.067301   \n",
       "higher      0.188256  0.017290 -0.129891  1.000000 -0.309400  0.070345   \n",
       "failures   -0.147441  0.035588  0.122779 -0.309400  1.000000 -0.095330   \n",
       "internet    0.037529 -0.022792  0.067301  0.070345 -0.095330  1.000000   \n",
       "schoolsup   0.089316  0.022760 -0.059503  0.085355 -0.000745 -0.025942   \n",
       "paid       -0.002314  0.063203 -0.035959  0.024112  0.069416  0.031823   \n",
       "G1          0.260875 -0.051647 -0.147149  0.349030 -0.384210  0.139931   \n",
       "G2          0.240498 -0.082179 -0.124745  0.331953 -0.385782  0.147909   \n",
       "G3          0.249789 -0.098851 -0.091379  0.332172 -0.393316  0.150025   \n",
       "\n",
       "           schoolsup      paid        G1        G2        G3  \n",
       "studytime   0.089316 -0.002314  0.260875  0.240498  0.249789  \n",
       "health      0.022760  0.063203 -0.051647 -0.082179 -0.098851  \n",
       "absences   -0.059503 -0.035959 -0.147149 -0.124745 -0.091379  \n",
       "higher      0.085355  0.024112  0.349030  0.331953  0.332172  \n",
       "failures   -0.000745  0.069416 -0.384210 -0.385782 -0.393316  \n",
       "internet   -0.025942  0.031823  0.139931  0.147909  0.150025  \n",
       "schoolsup   1.000000  0.040512 -0.071779 -0.056624 -0.066405  \n",
       "paid        0.040512  1.000000 -0.062784 -0.033925 -0.054898  \n",
       "G1         -0.071779 -0.062784  1.000000  0.864982  0.826387  \n",
       "G2         -0.056624 -0.033925  0.864982  1.000000  0.918548  \n",
       "G3         -0.066405 -0.054898  0.826387  0.918548  1.000000  "
      ]
     },
     "metadata": {},
     "output_type": "display_data"
    },
    {
     "name": "stdout",
     "output_type": "stream",
     "text": [
      "For Target G1:\n",
      "Epoch: 50/500, Accuracy: 0.7894, Loss: 0.4855\n",
      "Epoch: 100/500, Accuracy: 0.7979, Loss: 0.4669\n",
      "Epoch: 150/500, Accuracy: 0.8031, Loss: 0.4585\n",
      "Epoch: 200/500, Accuracy: 0.8014, Loss: 0.4396\n",
      "Epoch: 250/500, Accuracy: 0.8305, Loss: 0.4283\n",
      "Epoch: 300/500, Accuracy: 0.8014, Loss: 0.4600\n",
      "Epoch: 350/500, Accuracy: 0.8099, Loss: 0.4369\n",
      "Epoch: 400/500, Accuracy: 0.8168, Loss: 0.4308\n",
      "Epoch: 450/500, Accuracy: 0.8116, Loss: 0.4422\n",
      "Epoch: 500/500, Accuracy: 0.8185, Loss: 0.4398\n",
      "Test Accuracy: 0.8769, Test Loss: 0.3339\n",
      "Confusion Matrix:\n",
      " [[ 6  3]\n",
      " [ 5 51]]\n",
      "Accuracy: 0.8769\n",
      "Mean Squared Error: 0.1231\n",
      "Precision: 0.9444\n",
      "Recall: 0.9107\n",
      "WARNING:tensorflow:5 out of the last 13 calls to <function Model.make_test_function.<locals>.test_function at 0x000002ACB43A4EE0> triggered tf.function retracing. Tracing is expensive and the excessive number of tracings could be due to (1) creating @tf.function repeatedly in a loop, (2) passing tensors with different shapes, (3) passing Python objects instead of tensors. For (1), please define your @tf.function outside of the loop. For (2), @tf.function has reduce_retracing=True option that can avoid unnecessary retracing. For (3), please refer to https://www.tensorflow.org/guide/function#controlling_retracing and https://www.tensorflow.org/api_docs/python/tf/function for  more details.\n",
      "WARNING:tensorflow:5 out of the last 13 calls to <function Model.make_test_function.<locals>.test_function at 0x000002ACB0A23EB0> triggered tf.function retracing. Tracing is expensive and the excessive number of tracings could be due to (1) creating @tf.function repeatedly in a loop, (2) passing tensors with different shapes, (3) passing Python objects instead of tensors. For (1), please define your @tf.function outside of the loop. For (2), @tf.function has reduce_retracing=True option that can avoid unnecessary retracing. For (3), please refer to https://www.tensorflow.org/guide/function#controlling_retracing and https://www.tensorflow.org/api_docs/python/tf/function for  more details.\n",
      "Drop Column/Feature Importance (Drop in Accuracy):\n",
      "studytime had a drop of: 0.0154\n",
      "higher had a drop of: 0.0154\n",
      "health had a drop of: 0.0000\n",
      "absences had a drop of: 0.0000\n",
      "schoolsup had a drop of: 0.0000\n",
      "failures had a drop of: -0.0154\n",
      "internet had a drop of: -0.0154\n",
      "paid had a drop of: -0.0154\n",
      "\n",
      "\n",
      "For Target G2:\n",
      "Epoch: 50/500, Accuracy: 0.7860, Loss: 0.4841\n",
      "Epoch: 100/500, Accuracy: 0.7945, Loss: 0.4664\n",
      "Epoch: 150/500, Accuracy: 0.7962, Loss: 0.4545\n",
      "Epoch: 200/500, Accuracy: 0.8065, Loss: 0.4558\n",
      "Epoch: 250/500, Accuracy: 0.8031, Loss: 0.4637\n",
      "Epoch: 300/500, Accuracy: 0.8031, Loss: 0.4729\n",
      "Epoch: 350/500, Accuracy: 0.8134, Loss: 0.4542\n",
      "Epoch: 400/500, Accuracy: 0.8185, Loss: 0.4573\n",
      "Epoch: 450/500, Accuracy: 0.7997, Loss: 0.4557\n",
      "Epoch: 500/500, Accuracy: 0.7945, Loss: 0.4498\n",
      "Test Accuracy: 0.8923, Test Loss: 0.2941\n",
      "Confusion Matrix:\n",
      " [[ 5  5]\n",
      " [ 2 53]]\n",
      "Accuracy: 0.8923\n",
      "Mean Squared Error: 0.1077\n",
      "Precision: 0.9138\n",
      "Recall: 0.9636\n",
      "Drop Column/Feature Importance (Drop in Accuracy):\n",
      "health had a drop of: 0.0308\n",
      "studytime had a drop of: 0.0154\n",
      "absences had a drop of: 0.0154\n",
      "failures had a drop of: 0.0154\n",
      "higher had a drop of: 0.0000\n",
      "internet had a drop of: 0.0000\n",
      "schoolsup had a drop of: 0.0000\n",
      "paid had a drop of: 0.0000\n",
      "\n",
      "\n",
      "For Target G3:\n",
      "Epoch: 50/500, Accuracy: 0.8442, Loss: 0.3939\n",
      "Epoch: 100/500, Accuracy: 0.8305, Loss: 0.3932\n",
      "Epoch: 150/500, Accuracy: 0.8493, Loss: 0.3592\n",
      "Epoch: 200/500, Accuracy: 0.8579, Loss: 0.3532\n",
      "Epoch: 250/500, Accuracy: 0.8390, Loss: 0.3818\n",
      "Epoch: 300/500, Accuracy: 0.8493, Loss: 0.3673\n",
      "Epoch: 350/500, Accuracy: 0.8579, Loss: 0.3614\n",
      "Epoch: 400/500, Accuracy: 0.8527, Loss: 0.3701\n",
      "Epoch: 450/500, Accuracy: 0.8527, Loss: 0.3590\n",
      "Epoch: 500/500, Accuracy: 0.8545, Loss: 0.3387\n",
      "Test Accuracy: 0.9077, Test Loss: 0.2703\n",
      "Confusion Matrix:\n",
      " [[ 3  4]\n",
      " [ 2 56]]\n",
      "Accuracy: 0.9077\n",
      "Mean Squared Error: 0.0923\n",
      "Precision: 0.9333\n",
      "Recall: 0.9655\n",
      "Drop Column/Feature Importance (Drop in Accuracy):\n",
      "studytime had a drop of: 0.0154\n",
      "failures had a drop of: 0.0154\n",
      "health had a drop of: 0.0000\n",
      "absences had a drop of: 0.0000\n",
      "higher had a drop of: 0.0000\n",
      "internet had a drop of: 0.0000\n",
      "schoolsup had a drop of: 0.0000\n",
      "paid had a drop of: 0.0000\n",
      "\n",
      "\n"
     ]
    },
    {
     "data": {
      "text/plain": [
       "<keras.engine.sequential.Sequential at 0x2acb483bc70>"
      ]
     },
     "execution_count": 5,
     "metadata": {},
     "output_type": "execute_result"
    }
   ],
   "source": [
    "import seaborn as sns\n",
    "import pandas as pd\n",
    "import numpy as np\n",
    "import matplotlib.pyplot as plt\n",
    "from sklearn.model_selection import train_test_split\n",
    "from sklearn.preprocessing import MinMaxScaler\n",
    "from sklearn.metrics import confusion_matrix, accuracy_score, mean_squared_error, precision_score, recall_score\n",
    "\n",
    "import tensorflow as tf\n",
    "from tensorflow.keras.models import Sequential\n",
    "from tensorflow.keras.layers import Dense, Dropout, BatchNormalization\n",
    "from tensorflow.keras.optimizers import SGD\n",
    "\n",
    "import shutil\n",
    "\n",
    "#personal custom epoch printing\n",
    "class customEpoch(tf.keras.callbacks.Callback):\n",
    "    def on_epoch_end(self, epoch, logs=None):\n",
    "        if (epoch + 1) % 50 == 0:  \n",
    "            print(f\"Epoch: {epoch + 1}/{500}, Accuracy: {logs['accuracy']:.4f}, Loss: {logs['loss']:.4f}\")\n",
    "            \n",
    "#create the function for easier modeling - soon\n",
    "# retracing occurs- why? Search later\n",
    "def create_model(x_train):\n",
    "    model = Sequential()\n",
    "    model.add(Dense(64, activation='relu', input_shape=(x_train.shape[1],)))\n",
    "    model.add(BatchNormalization())\n",
    "    model.add(Dropout(0.5))\n",
    "\n",
    "    model.add(Dense(32, activation='relu'))\n",
    "    model.add(BatchNormalization())\n",
    "    model.add(Dropout(0.5))\n",
    "\n",
    "    model.add(Dense(16, activation='relu'))\n",
    "    model.add(BatchNormalization())\n",
    "    model.add(Dropout(0.5))\n",
    "\n",
    "    model.add(Dense(8, activation='relu'))\n",
    "    model.add(BatchNormalization())\n",
    "    model.add(Dropout(0.5))\n",
    "\n",
    "    model.add(Dense(1, activation='sigmoid'))\n",
    "\n",
    "    optimizer = SGD(learning_rate=0.1)\n",
    "    model.compile(optimizer=optimizer, loss='binary_crossentropy', metrics=['accuracy'])\n",
    "    return model\n",
    "            \n",
    "def true_model(target):\n",
    "    print(f'For Target {target}:')\n",
    "    stpd[target] = stpd[target].apply(lambda x: 0 if x < 10 else 1)\n",
    "\n",
    "    x, y = stpd.drop(columns=['G1', 'G2', 'G3']), stpd[target].values.reshape(-1, 1)\n",
    "    scaler = MinMaxScaler()\n",
    "    x_scaled = scaler.fit_transform(x)\n",
    "    x_train, x_test, y_train, y_test = train_test_split(x_scaled, y, test_size=0.1, random_state=42)\n",
    "    \n",
    "    model = create_model(x_train)\n",
    "    model.fit(x_train, y_train, epochs=500, verbose=0, callbacks=[customEpoch()])\n",
    "\n",
    "    accuracies(x_train, y_train, x_test, y_test, model)\n",
    "\n",
    "    drop_column(x, y, target)\n",
    "\n",
    "    print('\\n')\n",
    "    return model\n",
    "\n",
    "\n",
    "def accuracies(x_train, y_train, x_test, y_test, model):\n",
    "    test_loss, test_accuracy = model.evaluate(x_test, y_test, verbose=0)\n",
    "    print(f\"Test Accuracy: {test_accuracy:.4f}, Test Loss: {test_loss:.4f}\")\n",
    "\n",
    "    y_prob = model.predict(x_test, verbose=0)\n",
    "    y_pred = (y_prob > 0.5).astype(int)\n",
    "\n",
    "    conf_matrix = confusion_matrix(y_test, y_pred)\n",
    "    print(\"Confusion Matrix:\\n\", conf_matrix)\n",
    "\n",
    "    accuracy = accuracy_score(y_test, y_pred)\n",
    "    print(f\"Accuracy: {accuracy:.4f}\")\n",
    "\n",
    "    mse = mean_squared_error(y_test, y_pred)\n",
    "    print(f\"Mean Squared Error: {mse:.4f}\")\n",
    "\n",
    "    precision = precision_score(y_test, y_pred)\n",
    "    recall = recall_score(y_test, y_pred)\n",
    "    print(f\"Precision: {precision:.4f}\")\n",
    "    print(f\"Recall: {recall:.4f}\")\n",
    "\n",
    "#slow run time, possibly search for better techniques  \n",
    "def drop_column(x, y, target):\n",
    "    scaler = MinMaxScaler()\n",
    "    x_scaled = scaler.fit_transform(x)\n",
    "    x_train, x_test, y_train, y_test = train_test_split(x_scaled, y, test_size=0.1, random_state=42)\n",
    "\n",
    "    model = create_model(x_train)\n",
    "    model.fit(x_train, y_train, epochs=200, verbose=0)\n",
    "\n",
    "#baseline doesnt work, why? 09/04\n",
    "    baseline_accuracy = model.evaluate(x_test, y_test, verbose=0)[1] #works\n",
    "\n",
    "    accuracies_list = {}\n",
    "    \n",
    "    \n",
    "#fix later - ValueError in loop 09/04\n",
    "    for col in x.columns:\n",
    "        x_drop = x.drop(columns=[col])\n",
    "        x_scaled_drop = scaler.fit_transform(x_drop)\n",
    "\n",
    "        x_train_drop, x_test_drop, y_train_drop, y_test_drop = train_test_split(x_scaled_drop, y, test_size=0.1, random_state=42)\n",
    "        \n",
    "        model = create_model(x_train_drop)\n",
    "        model.fit(x_train_drop, y_train_drop, epochs=200, verbose=0)\n",
    "\n",
    "        droppedlol = model.evaluate(x_test_drop, y_test_drop, verbose=0)[1]\n",
    "\n",
    "        accuracy_drop = baseline_accuracy - droppedlol\n",
    "        accuracies_list[col] = accuracy_drop \n",
    "\n",
    "#the list does not work, check later 09/04\n",
    "    importance = sorted(accuracies_list.items(), key=lambda item: item[1], reverse=True) #works now 09/08\n",
    "    print(\"Drop Column/Feature Importance (Drop in Accuracy):\")\n",
    "    for feature, drop in importance:\n",
    "        print(f\"{feature} had a drop of: {drop:.4f}\")\n",
    "        \n",
    "        \n",
    "\n",
    "    \n",
    "\n",
    "\n",
    "original = 'student-por.csv'\n",
    "backup = 'student-por0copy.csv'\n",
    "shutil.copyfile(original, backup)\n",
    "\n",
    "stpd = pd.read_csv('student-por0copy.csv', delimiter=\";\")\n",
    "stpd = stpd[['studytime', 'health', 'absences', 'higher', 'failures', 'internet', 'schoolsup', 'paid', 'G1', 'G2', 'G3']]\n",
    "\n",
    "stpd['higher'] = stpd['higher'].map({'yes': 1, 'no': 0})\n",
    "stpd['internet'] = stpd['internet'].map({'yes': 1, 'no': 0})\n",
    "stpd['schoolsup'] = stpd['schoolsup'].map({'yes': 1, 'no': 0})\n",
    "stpd['paid'] = stpd['paid'].map({'yes': 1, 'no': 0})\n",
    "\n",
    "pear = stpd.corr(method='pearson')\n",
    "display(pear)\n",
    "\n",
    "true_model('G1')\n",
    "true_model('G2')\n",
    "true_model('G3')\n"
   ]
  },
  {
   "cell_type": "code",
   "execution_count": null,
   "id": "aa89fbbe-6afe-4a21-956b-e7e438403f28",
   "metadata": {},
   "outputs": [],
   "source": []
  }
 ],
 "metadata": {
  "kernelspec": {
   "display_name": "Python 3 (ipykernel)",
   "language": "python",
   "name": "python3"
  },
  "language_info": {
   "codemirror_mode": {
    "name": "ipython",
    "version": 3
   },
   "file_extension": ".py",
   "mimetype": "text/x-python",
   "name": "python",
   "nbconvert_exporter": "python",
   "pygments_lexer": "ipython3",
   "version": "3.10.13"
  }
 },
 "nbformat": 4,
 "nbformat_minor": 5
}
