{
 "cells": [
  {
   "cell_type": "markdown",
   "id": "4c242766-daa7-4c6a-b21a-8bf6a86658fc",
   "metadata": {
    "tags": []
   },
   "source": [
    "study time\n",
    "health\n",
    "absences\n",
    "higher\n",
    "number of past class failures\n",
    "internet\n",
    "schoolsup\n",
    "paid\n",
    "\n",
    "\n",
    "import pandas as pd\n",
    "import numpy as np\n",
    "import matplotlib.pyplot as plt\n",
    "\n",
    "\n"
   ]
  },
  {
   "cell_type": "code",
   "execution_count": 38,
   "id": "43b925ae-c463-4a12-a6ed-5b22909eb55f",
   "metadata": {
    "tags": []
   },
   "outputs": [
    {
     "name": "stdout",
     "output_type": "stream",
     "text": [
      "For Target G1:\n",
      "Epoch: 50/500, Accuracy: 0.7979, Loss: 0.4738\n",
      "Epoch: 100/500, Accuracy: 0.7808, Loss: 0.4599\n",
      "Epoch: 150/500, Accuracy: 0.8185, Loss: 0.4350\n",
      "Epoch: 200/500, Accuracy: 0.8031, Loss: 0.4661\n",
      "Epoch: 250/500, Accuracy: 0.8134, Loss: 0.4501\n",
      "Epoch: 300/500, Accuracy: 0.8099, Loss: 0.4527\n",
      "Epoch: 350/500, Accuracy: 0.8236, Loss: 0.4371\n",
      "Epoch: 400/500, Accuracy: 0.8168, Loss: 0.4381\n",
      "Epoch: 450/500, Accuracy: 0.8116, Loss: 0.4440\n",
      "Epoch: 500/500, Accuracy: 0.8253, Loss: 0.4425\n",
      "Test Accuracy: 0.8769, Test Loss: 0.3224\n",
      "Confusion Matrix:\n",
      " [[ 6  3]\n",
      " [ 5 51]]\n",
      "Accuracy: 0.8769\n",
      "Mean Squared Error: 0.1231\n",
      "Precision: 0.9444\n",
      "Recall: 0.9107\n",
      "\n",
      "\n",
      "For Target G2:\n",
      "Epoch: 50/500, Accuracy: 0.7894, Loss: 0.4978\n",
      "Epoch: 100/500, Accuracy: 0.7757, Loss: 0.5071\n",
      "Epoch: 150/500, Accuracy: 0.7894, Loss: 0.4719\n",
      "Epoch: 200/500, Accuracy: 0.7825, Loss: 0.4761\n",
      "Epoch: 250/500, Accuracy: 0.8014, Loss: 0.4559\n",
      "Epoch: 300/500, Accuracy: 0.7825, Loss: 0.4630\n",
      "Epoch: 350/500, Accuracy: 0.7997, Loss: 0.4533\n",
      "Epoch: 400/500, Accuracy: 0.8048, Loss: 0.4615\n",
      "Epoch: 450/500, Accuracy: 0.8031, Loss: 0.4571\n",
      "Epoch: 500/500, Accuracy: 0.8048, Loss: 0.4558\n",
      "Test Accuracy: 0.8923, Test Loss: 0.2871\n",
      "Confusion Matrix:\n",
      " [[ 5  5]\n",
      " [ 2 53]]\n",
      "Accuracy: 0.8923\n",
      "Mean Squared Error: 0.1077\n",
      "Precision: 0.9138\n",
      "Recall: 0.9636\n",
      "\n",
      "\n",
      "For Target G3:\n",
      "Epoch: 50/500, Accuracy: 0.8459, Loss: 0.3880\n",
      "Epoch: 100/500, Accuracy: 0.8459, Loss: 0.3954\n",
      "Epoch: 150/500, Accuracy: 0.8613, Loss: 0.3570\n",
      "Epoch: 200/500, Accuracy: 0.8408, Loss: 0.3806\n",
      "Epoch: 250/500, Accuracy: 0.8442, Loss: 0.3805\n",
      "Epoch: 300/500, Accuracy: 0.8322, Loss: 0.3760\n",
      "Epoch: 350/500, Accuracy: 0.8442, Loss: 0.3689\n",
      "Epoch: 400/500, Accuracy: 0.8425, Loss: 0.3758\n",
      "Epoch: 450/500, Accuracy: 0.8510, Loss: 0.3599\n",
      "Epoch: 500/500, Accuracy: 0.8596, Loss: 0.3680\n",
      "Test Accuracy: 0.9231, Test Loss: 0.2543\n",
      "Confusion Matrix:\n",
      " [[ 4  3]\n",
      " [ 2 56]]\n",
      "Accuracy: 0.9231\n",
      "Mean Squared Error: 0.0769\n",
      "Precision: 0.9492\n",
      "Recall: 0.9655\n",
      "\n",
      "\n"
     ]
    },
    {
     "data": {
      "text/html": [
       "<div>\n",
       "<style scoped>\n",
       "    .dataframe tbody tr th:only-of-type {\n",
       "        vertical-align: middle;\n",
       "    }\n",
       "\n",
       "    .dataframe tbody tr th {\n",
       "        vertical-align: top;\n",
       "    }\n",
       "\n",
       "    .dataframe thead th {\n",
       "        text-align: right;\n",
       "    }\n",
       "</style>\n",
       "<table border=\"1\" class=\"dataframe\">\n",
       "  <thead>\n",
       "    <tr style=\"text-align: right;\">\n",
       "      <th></th>\n",
       "      <th>studytime</th>\n",
       "      <th>health</th>\n",
       "      <th>absences</th>\n",
       "      <th>higher</th>\n",
       "      <th>failures</th>\n",
       "      <th>internet</th>\n",
       "      <th>schoolsup</th>\n",
       "      <th>paid</th>\n",
       "      <th>G1</th>\n",
       "      <th>G2</th>\n",
       "      <th>G3</th>\n",
       "    </tr>\n",
       "  </thead>\n",
       "  <tbody>\n",
       "    <tr>\n",
       "      <th>studytime</th>\n",
       "      <td>1.000000</td>\n",
       "      <td>-0.056433</td>\n",
       "      <td>-0.118389</td>\n",
       "      <td>0.188256</td>\n",
       "      <td>-0.147441</td>\n",
       "      <td>0.037529</td>\n",
       "      <td>0.089316</td>\n",
       "      <td>-0.002314</td>\n",
       "      <td>0.239245</td>\n",
       "      <td>0.160423</td>\n",
       "      <td>0.165111</td>\n",
       "    </tr>\n",
       "    <tr>\n",
       "      <th>health</th>\n",
       "      <td>-0.056433</td>\n",
       "      <td>1.000000</td>\n",
       "      <td>-0.030235</td>\n",
       "      <td>0.017290</td>\n",
       "      <td>0.035588</td>\n",
       "      <td>-0.022792</td>\n",
       "      <td>0.022760</td>\n",
       "      <td>0.063203</td>\n",
       "      <td>0.007930</td>\n",
       "      <td>-0.023676</td>\n",
       "      <td>-0.009979</td>\n",
       "    </tr>\n",
       "    <tr>\n",
       "      <th>absences</th>\n",
       "      <td>-0.118389</td>\n",
       "      <td>-0.030235</td>\n",
       "      <td>1.000000</td>\n",
       "      <td>-0.129891</td>\n",
       "      <td>0.122779</td>\n",
       "      <td>0.067301</td>\n",
       "      <td>-0.059503</td>\n",
       "      <td>-0.035959</td>\n",
       "      <td>-0.117522</td>\n",
       "      <td>-0.122350</td>\n",
       "      <td>-0.087483</td>\n",
       "    </tr>\n",
       "    <tr>\n",
       "      <th>higher</th>\n",
       "      <td>0.188256</td>\n",
       "      <td>0.017290</td>\n",
       "      <td>-0.129891</td>\n",
       "      <td>1.000000</td>\n",
       "      <td>-0.309400</td>\n",
       "      <td>0.070345</td>\n",
       "      <td>0.085355</td>\n",
       "      <td>0.024112</td>\n",
       "      <td>0.400471</td>\n",
       "      <td>0.319027</td>\n",
       "      <td>0.309708</td>\n",
       "    </tr>\n",
       "    <tr>\n",
       "      <th>failures</th>\n",
       "      <td>-0.147441</td>\n",
       "      <td>0.035588</td>\n",
       "      <td>0.122779</td>\n",
       "      <td>-0.309400</td>\n",
       "      <td>1.000000</td>\n",
       "      <td>-0.095330</td>\n",
       "      <td>-0.000745</td>\n",
       "      <td>0.069416</td>\n",
       "      <td>-0.425888</td>\n",
       "      <td>-0.417026</td>\n",
       "      <td>-0.380237</td>\n",
       "    </tr>\n",
       "    <tr>\n",
       "      <th>internet</th>\n",
       "      <td>0.037529</td>\n",
       "      <td>-0.022792</td>\n",
       "      <td>0.067301</td>\n",
       "      <td>0.070345</td>\n",
       "      <td>-0.095330</td>\n",
       "      <td>1.000000</td>\n",
       "      <td>-0.025942</td>\n",
       "      <td>0.031823</td>\n",
       "      <td>0.123232</td>\n",
       "      <td>0.098609</td>\n",
       "      <td>0.088215</td>\n",
       "    </tr>\n",
       "    <tr>\n",
       "      <th>schoolsup</th>\n",
       "      <td>0.089316</td>\n",
       "      <td>0.022760</td>\n",
       "      <td>-0.059503</td>\n",
       "      <td>0.085355</td>\n",
       "      <td>-0.000745</td>\n",
       "      <td>-0.025942</td>\n",
       "      <td>1.000000</td>\n",
       "      <td>0.040512</td>\n",
       "      <td>-0.018211</td>\n",
       "      <td>0.014405</td>\n",
       "      <td>0.034527</td>\n",
       "    </tr>\n",
       "    <tr>\n",
       "      <th>paid</th>\n",
       "      <td>-0.002314</td>\n",
       "      <td>0.063203</td>\n",
       "      <td>-0.035959</td>\n",
       "      <td>0.024112</td>\n",
       "      <td>0.069416</td>\n",
       "      <td>0.031823</td>\n",
       "      <td>0.040512</td>\n",
       "      <td>1.000000</td>\n",
       "      <td>-0.038840</td>\n",
       "      <td>-0.020026</td>\n",
       "      <td>-0.053708</td>\n",
       "    </tr>\n",
       "    <tr>\n",
       "      <th>G1</th>\n",
       "      <td>0.239245</td>\n",
       "      <td>0.007930</td>\n",
       "      <td>-0.117522</td>\n",
       "      <td>0.400471</td>\n",
       "      <td>-0.425888</td>\n",
       "      <td>0.123232</td>\n",
       "      <td>-0.018211</td>\n",
       "      <td>-0.038840</td>\n",
       "      <td>1.000000</td>\n",
       "      <td>0.621270</td>\n",
       "      <td>0.635928</td>\n",
       "    </tr>\n",
       "    <tr>\n",
       "      <th>G2</th>\n",
       "      <td>0.160423</td>\n",
       "      <td>-0.023676</td>\n",
       "      <td>-0.122350</td>\n",
       "      <td>0.319027</td>\n",
       "      <td>-0.417026</td>\n",
       "      <td>0.098609</td>\n",
       "      <td>0.014405</td>\n",
       "      <td>-0.020026</td>\n",
       "      <td>0.621270</td>\n",
       "      <td>1.000000</td>\n",
       "      <td>0.682985</td>\n",
       "    </tr>\n",
       "    <tr>\n",
       "      <th>G3</th>\n",
       "      <td>0.165111</td>\n",
       "      <td>-0.009979</td>\n",
       "      <td>-0.087483</td>\n",
       "      <td>0.309708</td>\n",
       "      <td>-0.380237</td>\n",
       "      <td>0.088215</td>\n",
       "      <td>0.034527</td>\n",
       "      <td>-0.053708</td>\n",
       "      <td>0.635928</td>\n",
       "      <td>0.682985</td>\n",
       "      <td>1.000000</td>\n",
       "    </tr>\n",
       "  </tbody>\n",
       "</table>\n",
       "</div>"
      ],
      "text/plain": [
       "           studytime    health  absences    higher  failures  internet  \\\n",
       "studytime   1.000000 -0.056433 -0.118389  0.188256 -0.147441  0.037529   \n",
       "health     -0.056433  1.000000 -0.030235  0.017290  0.035588 -0.022792   \n",
       "absences   -0.118389 -0.030235  1.000000 -0.129891  0.122779  0.067301   \n",
       "higher      0.188256  0.017290 -0.129891  1.000000 -0.309400  0.070345   \n",
       "failures   -0.147441  0.035588  0.122779 -0.309400  1.000000 -0.095330   \n",
       "internet    0.037529 -0.022792  0.067301  0.070345 -0.095330  1.000000   \n",
       "schoolsup   0.089316  0.022760 -0.059503  0.085355 -0.000745 -0.025942   \n",
       "paid       -0.002314  0.063203 -0.035959  0.024112  0.069416  0.031823   \n",
       "G1          0.239245  0.007930 -0.117522  0.400471 -0.425888  0.123232   \n",
       "G2          0.160423 -0.023676 -0.122350  0.319027 -0.417026  0.098609   \n",
       "G3          0.165111 -0.009979 -0.087483  0.309708 -0.380237  0.088215   \n",
       "\n",
       "           schoolsup      paid        G1        G2        G3  \n",
       "studytime   0.089316 -0.002314  0.239245  0.160423  0.165111  \n",
       "health      0.022760  0.063203  0.007930 -0.023676 -0.009979  \n",
       "absences   -0.059503 -0.035959 -0.117522 -0.122350 -0.087483  \n",
       "higher      0.085355  0.024112  0.400471  0.319027  0.309708  \n",
       "failures   -0.000745  0.069416 -0.425888 -0.417026 -0.380237  \n",
       "internet   -0.025942  0.031823  0.123232  0.098609  0.088215  \n",
       "schoolsup   1.000000  0.040512 -0.018211  0.014405  0.034527  \n",
       "paid        0.040512  1.000000 -0.038840 -0.020026 -0.053708  \n",
       "G1         -0.018211 -0.038840  1.000000  0.621270  0.635928  \n",
       "G2          0.014405 -0.020026  0.621270  1.000000  0.682985  \n",
       "G3          0.034527 -0.053708  0.635928  0.682985  1.000000  "
      ]
     },
     "execution_count": 38,
     "metadata": {},
     "output_type": "execute_result"
    }
   ],
   "source": [
    "import seaborn as sns\n",
    "import pandas as pd\n",
    "import numpy as np\n",
    "import matplotlib.pyplot as plt\n",
    "from sklearn.model_selection import train_test_split\n",
    "from sklearn.preprocessing import OneHotEncoder, MinMaxScaler\n",
    "from sklearn.metrics import confusion_matrix, accuracy_score, mean_squared_error, precision_score, recall_score\n",
    "\n",
    "import tensorflow as tf\n",
    "from tensorflow.keras.models import Sequential\n",
    "from tensorflow.keras.layers import Dense, Dropout, BatchNormalization\n",
    "from tensorflow.keras.optimizers import SGD\n",
    "\n",
    "import shutil\n",
    "\n",
    "class customEpoch(tf.keras.callbacks.Callback):\n",
    "    def on_epoch_end(self, epoch, logs=None):\n",
    "        if (epoch + 1) % 50 == 0:  \n",
    "            print(f\"Epoch: {epoch + 1}/{500}, Accuracy: {logs['accuracy']:.4f}, Loss: {logs['loss']:.4f}\")\n",
    "\n",
    "            \n",
    "def create_model(target):\n",
    "    print(f'For Target {target}:')\n",
    "    stpd[target] = stpd[target].apply(lambda x: 0 if x < 10 else 1)\n",
    "\n",
    "    X, Y = stpd.drop(columns=['G1', 'G2', 'G3']), stpd[target].values.reshape(-1, 1)\n",
    "\n",
    "\n",
    "    scaler = MinMaxScaler()\n",
    "    X_scaled = scaler.fit_transform(X)\n",
    "\n",
    "    X_train, X_test, Y_train, Y_test = train_test_split(X_scaled, Y, test_size=0.1, random_state=42)\n",
    "\n",
    "    model = Sequential()\n",
    "    model.add(Dense(64, activation='relu', input_shape=(8,)))\n",
    "    model.add(BatchNormalization())\n",
    "    model.add(Dropout(0.5))  \n",
    "\n",
    "    model.add(Dense(32, activation='relu'))\n",
    "    model.add(BatchNormalization())\n",
    "    model.add(Dropout(0.5))\n",
    "\n",
    "    model.add(Dense(16, activation='relu'))\n",
    "    model.add(BatchNormalization())\n",
    "    model.add(Dropout(0.5)) \n",
    "\n",
    "    model.add(Dense(8, activation='relu'))\n",
    "    model.add(BatchNormalization())\n",
    "    model.add(Dropout(0.5))\n",
    "\n",
    "    model.add(Dense(1, activation='sigmoid'))\n",
    "\n",
    "    optimizer = SGD(learning_rate=0.1)\n",
    "    model.compile(optimizer=optimizer, loss='binary_crossentropy', metrics=['accuracy'])\n",
    "\n",
    "    model.fit(X_train, Y_train, epochs=500, verbose=0, callbacks=[customEpoch()])\n",
    "    \n",
    "    accuracies(X_train, Y_train, X_test, Y_test, model)\n",
    "    print('\\n')\n",
    "    return model\n",
    "\n",
    "\n",
    "def accuracies(X_train, Y_train, X_test, Y_test, model):\n",
    "    test_loss, test_accuracy = model.evaluate(X_test, Y_test, verbose=0)\n",
    "    print(f\"Test Accuracy: {test_accuracy:.4f}, Test Loss: {test_loss:.4f}\")\n",
    "\n",
    "    y_prob = model.predict(X_test, verbose=0)\n",
    "    Y_pred = (y_prob > 0.5).astype(int) \n",
    "\n",
    "    conf_matrix = confusion_matrix(Y_test, Y_pred)\n",
    "    print(\"Confusion Matrix:\\n\", conf_matrix)\n",
    "\n",
    "    accuracy = accuracy_score(Y_test, Y_pred)\n",
    "    print(f\"Accuracy: {accuracy:.4f}\")\n",
    "\n",
    "    mse = mean_squared_error(Y_test, Y_pred)\n",
    "    print(f\"Mean Squared Error: {mse:.4f}\")\n",
    "\n",
    "    precision = precision_score(Y_test, Y_pred)\n",
    "    recall = recall_score(Y_test, Y_pred)\n",
    "    print(f\"Precision: {precision:.4f}\")\n",
    "    print(f\"Recall: {recall:.4f}\")     \n",
    "    \n",
    "  \n",
    "\n",
    "original_file = 'student-por.csv'\n",
    "backup_file = 'student-por0copy.csv'\n",
    "\n",
    "shutil.copyfile(original_file, backup_file)\n",
    "\n",
    "stpd = pd.read_csv('student-por0copy.csv', delimiter = \";\")\n",
    "\n",
    "stpd = stpd[['studytime', 'health', 'absences', 'higher', 'failures', 'internet', 'schoolsup', 'paid', 'G1', 'G2', 'G3']]\n",
    "\n",
    "\n",
    "stpd['higher'] = stpd['higher'].map({'yes': 1, 'no': 0})\n",
    "stpd['internet'] = stpd['internet'].map({'yes': 1, 'no': 0})\n",
    "stpd['schoolsup'] = stpd['schoolsup'].map({'yes': 1, 'no': 0})\n",
    "stpd['paid'] = stpd['paid'].map({'yes': 1, 'no': 0})\n",
    "\n",
    "\n",
    "create_model('G1')\n",
    "create_model('G2')\n",
    "create_model('G3')\n",
    "\n",
    "\n",
    "pearsoncorr = stpd.corr(method='pearson')\n",
    "pearsoncorr"
   ]
  },
  {
   "cell_type": "code",
   "execution_count": null,
   "id": "f22bb7ad-a678-4288-8c9c-8c7db427383f",
   "metadata": {},
   "outputs": [],
   "source": []
  },
  {
   "cell_type": "code",
   "execution_count": 41,
   "id": "755543b9-bcef-438d-9409-bf9d44b75636",
   "metadata": {},
   "outputs": [
    {
     "name": "stdout",
     "output_type": "stream",
     "text": [
      "For Target G1:\n",
      "Epoch: 50/500, Accuracy: 0.7877, Loss: 0.4766\n",
      "Epoch: 100/500, Accuracy: 0.7928, Loss: 0.4735\n",
      "Epoch: 150/500, Accuracy: 0.8065, Loss: 0.4596\n",
      "Epoch: 200/500, Accuracy: 0.8185, Loss: 0.4409\n",
      "Epoch: 250/500, Accuracy: 0.8219, Loss: 0.4415\n",
      "Epoch: 300/500, Accuracy: 0.8151, Loss: 0.4473\n",
      "Epoch: 350/500, Accuracy: 0.8168, Loss: 0.4409\n",
      "Epoch: 400/500, Accuracy: 0.8185, Loss: 0.4418\n",
      "Epoch: 450/500, Accuracy: 0.8134, Loss: 0.4380\n",
      "Epoch: 500/500, Accuracy: 0.8065, Loss: 0.4362\n",
      "Test Accuracy: 0.8615, Test Loss: 0.3446\n",
      "Confusion Matrix:\n",
      " [[ 5  4]\n",
      " [ 5 51]]\n",
      "Accuracy: 0.8615\n",
      "Mean Squared Error: 0.1385\n",
      "Precision: 0.9273\n",
      "Recall: 0.9107\n",
      "Baseline Accuracy for G1: 0.8769\n",
      "Feature Importance (Accuracy Drop):\n",
      "higher: 0.0308\n",
      "studytime: 0.0154\n",
      "health: 0.0154\n",
      "absences: 0.0154\n",
      "internet: 0.0154\n",
      "schoolsup: 0.0154\n",
      "paid: -0.0154\n",
      "failures: -0.0308\n",
      "\n",
      "\n",
      "For Target G2:\n",
      "Epoch: 50/500, Accuracy: 0.7740, Loss: 0.5071\n",
      "Epoch: 100/500, Accuracy: 0.7928, Loss: 0.4808\n",
      "Epoch: 150/500, Accuracy: 0.7979, Loss: 0.4659\n",
      "Epoch: 200/500, Accuracy: 0.7962, Loss: 0.4787\n",
      "Epoch: 250/500, Accuracy: 0.8099, Loss: 0.4736\n",
      "Epoch: 300/500, Accuracy: 0.8099, Loss: 0.4546\n",
      "Epoch: 350/500, Accuracy: 0.8065, Loss: 0.4667\n",
      "Epoch: 400/500, Accuracy: 0.8031, Loss: 0.4377\n",
      "Epoch: 450/500, Accuracy: 0.8099, Loss: 0.4511\n",
      "Epoch: 500/500, Accuracy: 0.8065, Loss: 0.4567\n",
      "Test Accuracy: 0.9077, Test Loss: 0.2818\n",
      "Confusion Matrix:\n",
      " [[ 6  4]\n",
      " [ 2 53]]\n",
      "Accuracy: 0.9077\n",
      "Mean Squared Error: 0.0923\n",
      "Precision: 0.9298\n",
      "Recall: 0.9636\n",
      "Baseline Accuracy for G2: 0.9077\n",
      "Feature Importance (Accuracy Drop):\n",
      "absences: 0.0154\n",
      "higher: 0.0154\n",
      "failures: 0.0154\n",
      "internet: 0.0154\n",
      "health: 0.0000\n",
      "paid: 0.0000\n",
      "studytime: -0.0154\n",
      "schoolsup: -0.0308\n",
      "\n",
      "\n",
      "For Target G3:\n",
      "Epoch: 50/500, Accuracy: 0.8459, Loss: 0.3971\n",
      "Epoch: 100/500, Accuracy: 0.8356, Loss: 0.3862\n",
      "Epoch: 150/500, Accuracy: 0.8442, Loss: 0.3809\n",
      "Epoch: 200/500, Accuracy: 0.8390, Loss: 0.3836\n",
      "Epoch: 250/500, Accuracy: 0.8373, Loss: 0.3792\n",
      "Epoch: 300/500, Accuracy: 0.8493, Loss: 0.3650\n",
      "Epoch: 350/500, Accuracy: 0.8476, Loss: 0.3536\n",
      "Epoch: 400/500, Accuracy: 0.8459, Loss: 0.3720\n",
      "Epoch: 450/500, Accuracy: 0.8356, Loss: 0.3726\n",
      "Epoch: 500/500, Accuracy: 0.8579, Loss: 0.3573\n",
      "Test Accuracy: 0.8923, Test Loss: 0.2487\n",
      "Confusion Matrix:\n",
      " [[ 2  5]\n",
      " [ 2 56]]\n",
      "Accuracy: 0.8923\n",
      "Mean Squared Error: 0.1077\n",
      "Precision: 0.9180\n",
      "Recall: 0.9655\n",
      "Baseline Accuracy for G3: 0.9231\n",
      "Feature Importance (Accuracy Drop):\n",
      "internet: 0.0462\n",
      "absences: 0.0308\n",
      "failures: 0.0308\n",
      "schoolsup: 0.0308\n",
      "studytime: 0.0154\n",
      "health: 0.0154\n",
      "higher: 0.0154\n",
      "paid: 0.0000\n",
      "\n",
      "\n"
     ]
    },
    {
     "data": {
      "text/plain": [
       "<keras.engine.sequential.Sequential at 0x163df739c00>"
      ]
     },
     "execution_count": 41,
     "metadata": {},
     "output_type": "execute_result"
    }
   ],
   "source": [
    "import seaborn as sns\n",
    "import pandas as pd\n",
    "import numpy as np\n",
    "import matplotlib.pyplot as plt\n",
    "from sklearn.model_selection import train_test_split\n",
    "from sklearn.preprocessing import MinMaxScaler\n",
    "from sklearn.metrics import confusion_matrix, accuracy_score, mean_squared_error, precision_score, recall_score\n",
    "\n",
    "import tensorflow as tf\n",
    "from tensorflow.keras.models import Sequential\n",
    "from tensorflow.keras.layers import Dense, Dropout, BatchNormalization\n",
    "from tensorflow.keras.optimizers import SGD\n",
    "\n",
    "import shutil\n",
    "\n",
    "class customEpoch(tf.keras.callbacks.Callback):\n",
    "    def on_epoch_end(self, epoch, logs=None):\n",
    "        if (epoch + 1) % 50 == 0:  \n",
    "            print(f\"Epoch: {epoch + 1}/{500}, Accuracy: {logs['accuracy']:.4f}, Loss: {logs['loss']:.4f}\")\n",
    "\n",
    "def create_model(X_train):\n",
    "    \n",
    "    model = Sequential()\n",
    "    model.add(Dense(64, activation='relu', input_shape=(X_train.shape[1],)))\n",
    "    model.add(BatchNormalization())\n",
    "    model.add(Dropout(0.5))\n",
    "\n",
    "    model.add(Dense(32, activation='relu'))\n",
    "    model.add(BatchNormalization())\n",
    "    model.add(Dropout(0.5))\n",
    "\n",
    "    model.add(Dense(16, activation='relu'))\n",
    "    model.add(BatchNormalization())\n",
    "    model.add(Dropout(0.5))\n",
    "\n",
    "    model.add(Dense(8, activation='relu'))\n",
    "    model.add(BatchNormalization())\n",
    "    model.add(Dropout(0.5))\n",
    "\n",
    "    model.add(Dense(1, activation='sigmoid'))\n",
    "\n",
    "    optimizer = SGD(learning_rate=0.05)\n",
    "    model.compile(optimizer=optimizer, loss='binary_crossentropy', metrics=['accuracy'])\n",
    "    return model\n",
    "            \n",
    "def true_model(target):\n",
    "    print(f'For Target {target}:')\n",
    "    stpd[target] = stpd[target].apply(lambda x: 0 if x < 10 else 1)\n",
    "\n",
    "    x, y = stpd.drop(columns=['G1', 'G2', 'G3']), stpd[target].values.reshape(-1, 1)\n",
    "\n",
    "    scaler = MinMaxScaler()\n",
    "    x_scaled = scaler.fit_transform(x)\n",
    "\n",
    "    x_train, x_test, y_train, y_test = train_test_split(x_scaled, y, test_size=0.1, random_state=42)\n",
    "\n",
    "    model = create_model(x_train)\n",
    "\n",
    "    model.fit(x_train, y_train, epochs=500, verbose=0, callbacks=[customEpoch()])\n",
    "\n",
    "    accuracies(x_train, y_train, x_test, y_test, model)\n",
    "\n",
    "    drop_column(x, y, target)\n",
    "\n",
    "    print('\\n')\n",
    "    return model\n",
    "\n",
    "\n",
    "def accuracies(x_train, y_train, x_test, y_test, model):\n",
    "    test_loss, test_accuracy = model.evaluate(x_test, y_test, verbose=0)\n",
    "    print(f\"Test Accuracy: {test_accuracy:.4f}, Test Loss: {test_loss:.4f}\")\n",
    "\n",
    "    y_prob = model.predict(x_test, verbose=0)\n",
    "    y_pred = (y_prob > 0.5).astype(int)\n",
    "\n",
    "    conf_matrix = confusion_matrix(y_test, y_pred)\n",
    "    print(\"Confusion Matrix:\\n\", conf_matrix)\n",
    "\n",
    "    accuracy = accuracy_score(y_test, y_pred)\n",
    "    print(f\"Accuracy: {accuracy:.4f}\")\n",
    "\n",
    "    mse = mean_squared_error(y_test, y_pred)\n",
    "    print(f\"Mean Squared Error: {mse:.4f}\")\n",
    "\n",
    "    precision = precision_score(y_test, y_pred)\n",
    "    recall = recall_score(y_test, y_pred)\n",
    "    print(f\"Precision: {precision:.4f}\")\n",
    "    print(f\"Recall: {recall:.4f}\")\n",
    "\n",
    "    \n",
    "    \n",
    "def drop_column(x, y, target):\n",
    "    scaler = MinMaxScaler()\n",
    "    x_scaled = scaler.fit_transform(x)\n",
    "    x_train, x_test, y_train, y_test = train_test_split(x_scaled, y, test_size=0.1, random_state=42)\n",
    "\n",
    "    model = create_model(x_train)\n",
    "\n",
    "    model.fit(x_train, y_train, epochs=200, verbose=0)\n",
    "\n",
    "    accuracies_list = {}\n",
    "    \n",
    "# check baseline, does not work\n",
    "    baseline_accuracy = model.evaluate(x_test, y_test, verbose=0)[1] #works\n",
    "    for i, col in enumerate(x.columns):\n",
    "        \n",
    "        \n",
    "# do this later \n",
    "        x_drop = x.drop(columns=[col])\n",
    "        x_scaled_drop = scaler.fit_transform(x_drop)\n",
    "\n",
    "        x_train_drop, x_test_drop, y_train_drop, y_test_drop = train_test_split(x_scaled_drop, y, test_size=0.1, random_state=42)\n",
    "        \n",
    "        model = create_model(x_train_drop)\n",
    "\n",
    "        model.fit(x_train_drop, y_train_drop, epochs=200, verbose=0)\n",
    "        droppedlol = model.evaluate(x_test_drop, y_test_drop, verbose=0)[1]\n",
    "\n",
    "\n",
    "        accuracy_drop = baseline_accuracy - droppedlol\n",
    "        accuracies_list[col] = accuracy_drop\n",
    "\n",
    "#issue with importance list, check later\n",
    "    importance = sorted(accuracies_list.items(), key=lambda item: item[1], reverse=True) #works\n",
    "    print(\"Drop Column/Feature Importance (Drop in Accuracy):\")\n",
    "    for feature, drop in importance:\n",
    "        print(f\"{feature} had a drop of: {drop:.4f}\")\n",
    "\n",
    "        \n",
    "        \n",
    "original_file = 'student-por.csv'\n",
    "backup_file = 'student-por0copy.csv'\n",
    "shutil.copyfile(original_file, backup_file)\n",
    "\n",
    "stpd = pd.read_csv('student-por0copy.csv', delimiter=\";\")\n",
    "stpd = stpd[['studytime', 'health', 'absences', 'higher', 'failures', 'internet', 'schoolsup', 'paid', 'G1', 'G2', 'G3']]\n",
    "\n",
    "stpd['higher'] = stpd['higher'].map({'yes': 1, 'no': 0})\n",
    "stpd['internet'] = stpd['internet'].map({'yes': 1, 'no': 0})\n",
    "stpd['schoolsup'] = stpd['schoolsup'].map({'yes': 1, 'no': 0})\n",
    "stpd['paid'] = stpd['paid'].map({'yes': 1, 'no': 0})\n",
    "\n",
    "true_model('G1')\n",
    "true_model('G2')\n",
    "true_model('G3')\n"
   ]
  },
  {
   "cell_type": "code",
   "execution_count": 1,
   "id": "030c68c4-b3c2-4607-a88b-bba076bbe64d",
   "metadata": {},
   "outputs": [
    {
     "data": {
      "text/html": [
       "<div>\n",
       "<style scoped>\n",
       "    .dataframe tbody tr th:only-of-type {\n",
       "        vertical-align: middle;\n",
       "    }\n",
       "\n",
       "    .dataframe tbody tr th {\n",
       "        vertical-align: top;\n",
       "    }\n",
       "\n",
       "    .dataframe thead th {\n",
       "        text-align: right;\n",
       "    }\n",
       "</style>\n",
       "<table border=\"1\" class=\"dataframe\">\n",
       "  <thead>\n",
       "    <tr style=\"text-align: right;\">\n",
       "      <th></th>\n",
       "      <th>studytime</th>\n",
       "      <th>health</th>\n",
       "      <th>absences</th>\n",
       "      <th>higher</th>\n",
       "      <th>failures</th>\n",
       "      <th>internet</th>\n",
       "      <th>schoolsup</th>\n",
       "      <th>paid</th>\n",
       "      <th>G1</th>\n",
       "      <th>G2</th>\n",
       "      <th>G3</th>\n",
       "    </tr>\n",
       "  </thead>\n",
       "  <tbody>\n",
       "    <tr>\n",
       "      <th>studytime</th>\n",
       "      <td>1.000000</td>\n",
       "      <td>-0.056433</td>\n",
       "      <td>-0.118389</td>\n",
       "      <td>0.188256</td>\n",
       "      <td>-0.147441</td>\n",
       "      <td>0.037529</td>\n",
       "      <td>0.089316</td>\n",
       "      <td>-0.002314</td>\n",
       "      <td>0.260875</td>\n",
       "      <td>0.240498</td>\n",
       "      <td>0.249789</td>\n",
       "    </tr>\n",
       "    <tr>\n",
       "      <th>health</th>\n",
       "      <td>-0.056433</td>\n",
       "      <td>1.000000</td>\n",
       "      <td>-0.030235</td>\n",
       "      <td>0.017290</td>\n",
       "      <td>0.035588</td>\n",
       "      <td>-0.022792</td>\n",
       "      <td>0.022760</td>\n",
       "      <td>0.063203</td>\n",
       "      <td>-0.051647</td>\n",
       "      <td>-0.082179</td>\n",
       "      <td>-0.098851</td>\n",
       "    </tr>\n",
       "    <tr>\n",
       "      <th>absences</th>\n",
       "      <td>-0.118389</td>\n",
       "      <td>-0.030235</td>\n",
       "      <td>1.000000</td>\n",
       "      <td>-0.129891</td>\n",
       "      <td>0.122779</td>\n",
       "      <td>0.067301</td>\n",
       "      <td>-0.059503</td>\n",
       "      <td>-0.035959</td>\n",
       "      <td>-0.147149</td>\n",
       "      <td>-0.124745</td>\n",
       "      <td>-0.091379</td>\n",
       "    </tr>\n",
       "    <tr>\n",
       "      <th>higher</th>\n",
       "      <td>0.188256</td>\n",
       "      <td>0.017290</td>\n",
       "      <td>-0.129891</td>\n",
       "      <td>1.000000</td>\n",
       "      <td>-0.309400</td>\n",
       "      <td>0.070345</td>\n",
       "      <td>0.085355</td>\n",
       "      <td>0.024112</td>\n",
       "      <td>0.349030</td>\n",
       "      <td>0.331953</td>\n",
       "      <td>0.332172</td>\n",
       "    </tr>\n",
       "    <tr>\n",
       "      <th>failures</th>\n",
       "      <td>-0.147441</td>\n",
       "      <td>0.035588</td>\n",
       "      <td>0.122779</td>\n",
       "      <td>-0.309400</td>\n",
       "      <td>1.000000</td>\n",
       "      <td>-0.095330</td>\n",
       "      <td>-0.000745</td>\n",
       "      <td>0.069416</td>\n",
       "      <td>-0.384210</td>\n",
       "      <td>-0.385782</td>\n",
       "      <td>-0.393316</td>\n",
       "    </tr>\n",
       "    <tr>\n",
       "      <th>internet</th>\n",
       "      <td>0.037529</td>\n",
       "      <td>-0.022792</td>\n",
       "      <td>0.067301</td>\n",
       "      <td>0.070345</td>\n",
       "      <td>-0.095330</td>\n",
       "      <td>1.000000</td>\n",
       "      <td>-0.025942</td>\n",
       "      <td>0.031823</td>\n",
       "      <td>0.139931</td>\n",
       "      <td>0.147909</td>\n",
       "      <td>0.150025</td>\n",
       "    </tr>\n",
       "    <tr>\n",
       "      <th>schoolsup</th>\n",
       "      <td>0.089316</td>\n",
       "      <td>0.022760</td>\n",
       "      <td>-0.059503</td>\n",
       "      <td>0.085355</td>\n",
       "      <td>-0.000745</td>\n",
       "      <td>-0.025942</td>\n",
       "      <td>1.000000</td>\n",
       "      <td>0.040512</td>\n",
       "      <td>-0.071779</td>\n",
       "      <td>-0.056624</td>\n",
       "      <td>-0.066405</td>\n",
       "    </tr>\n",
       "    <tr>\n",
       "      <th>paid</th>\n",
       "      <td>-0.002314</td>\n",
       "      <td>0.063203</td>\n",
       "      <td>-0.035959</td>\n",
       "      <td>0.024112</td>\n",
       "      <td>0.069416</td>\n",
       "      <td>0.031823</td>\n",
       "      <td>0.040512</td>\n",
       "      <td>1.000000</td>\n",
       "      <td>-0.062784</td>\n",
       "      <td>-0.033925</td>\n",
       "      <td>-0.054898</td>\n",
       "    </tr>\n",
       "    <tr>\n",
       "      <th>G1</th>\n",
       "      <td>0.260875</td>\n",
       "      <td>-0.051647</td>\n",
       "      <td>-0.147149</td>\n",
       "      <td>0.349030</td>\n",
       "      <td>-0.384210</td>\n",
       "      <td>0.139931</td>\n",
       "      <td>-0.071779</td>\n",
       "      <td>-0.062784</td>\n",
       "      <td>1.000000</td>\n",
       "      <td>0.864982</td>\n",
       "      <td>0.826387</td>\n",
       "    </tr>\n",
       "    <tr>\n",
       "      <th>G2</th>\n",
       "      <td>0.240498</td>\n",
       "      <td>-0.082179</td>\n",
       "      <td>-0.124745</td>\n",
       "      <td>0.331953</td>\n",
       "      <td>-0.385782</td>\n",
       "      <td>0.147909</td>\n",
       "      <td>-0.056624</td>\n",
       "      <td>-0.033925</td>\n",
       "      <td>0.864982</td>\n",
       "      <td>1.000000</td>\n",
       "      <td>0.918548</td>\n",
       "    </tr>\n",
       "    <tr>\n",
       "      <th>G3</th>\n",
       "      <td>0.249789</td>\n",
       "      <td>-0.098851</td>\n",
       "      <td>-0.091379</td>\n",
       "      <td>0.332172</td>\n",
       "      <td>-0.393316</td>\n",
       "      <td>0.150025</td>\n",
       "      <td>-0.066405</td>\n",
       "      <td>-0.054898</td>\n",
       "      <td>0.826387</td>\n",
       "      <td>0.918548</td>\n",
       "      <td>1.000000</td>\n",
       "    </tr>\n",
       "  </tbody>\n",
       "</table>\n",
       "</div>"
      ],
      "text/plain": [
       "           studytime    health  absences    higher  failures  internet  \\\n",
       "studytime   1.000000 -0.056433 -0.118389  0.188256 -0.147441  0.037529   \n",
       "health     -0.056433  1.000000 -0.030235  0.017290  0.035588 -0.022792   \n",
       "absences   -0.118389 -0.030235  1.000000 -0.129891  0.122779  0.067301   \n",
       "higher      0.188256  0.017290 -0.129891  1.000000 -0.309400  0.070345   \n",
       "failures   -0.147441  0.035588  0.122779 -0.309400  1.000000 -0.095330   \n",
       "internet    0.037529 -0.022792  0.067301  0.070345 -0.095330  1.000000   \n",
       "schoolsup   0.089316  0.022760 -0.059503  0.085355 -0.000745 -0.025942   \n",
       "paid       -0.002314  0.063203 -0.035959  0.024112  0.069416  0.031823   \n",
       "G1          0.260875 -0.051647 -0.147149  0.349030 -0.384210  0.139931   \n",
       "G2          0.240498 -0.082179 -0.124745  0.331953 -0.385782  0.147909   \n",
       "G3          0.249789 -0.098851 -0.091379  0.332172 -0.393316  0.150025   \n",
       "\n",
       "           schoolsup      paid        G1        G2        G3  \n",
       "studytime   0.089316 -0.002314  0.260875  0.240498  0.249789  \n",
       "health      0.022760  0.063203 -0.051647 -0.082179 -0.098851  \n",
       "absences   -0.059503 -0.035959 -0.147149 -0.124745 -0.091379  \n",
       "higher      0.085355  0.024112  0.349030  0.331953  0.332172  \n",
       "failures   -0.000745  0.069416 -0.384210 -0.385782 -0.393316  \n",
       "internet   -0.025942  0.031823  0.139931  0.147909  0.150025  \n",
       "schoolsup   1.000000  0.040512 -0.071779 -0.056624 -0.066405  \n",
       "paid        0.040512  1.000000 -0.062784 -0.033925 -0.054898  \n",
       "G1         -0.071779 -0.062784  1.000000  0.864982  0.826387  \n",
       "G2         -0.056624 -0.033925  0.864982  1.000000  0.918548  \n",
       "G3         -0.066405 -0.054898  0.826387  0.918548  1.000000  "
      ]
     },
     "metadata": {},
     "output_type": "display_data"
    },
    {
     "name": "stdout",
     "output_type": "stream",
     "text": [
      "For Target G1:\n",
      "Epoch: 50/500, Accuracy: 0.7842, Loss: 0.4783\n",
      "Epoch: 100/500, Accuracy: 0.7860, Loss: 0.4818\n",
      "Epoch: 150/500, Accuracy: 0.7962, Loss: 0.4651\n",
      "Epoch: 200/500, Accuracy: 0.8151, Loss: 0.4452\n",
      "Epoch: 250/500, Accuracy: 0.8134, Loss: 0.4466\n",
      "Epoch: 300/500, Accuracy: 0.8134, Loss: 0.4451\n",
      "Epoch: 350/500, Accuracy: 0.7997, Loss: 0.4558\n",
      "Epoch: 400/500, Accuracy: 0.8151, Loss: 0.4309\n",
      "Epoch: 450/500, Accuracy: 0.8065, Loss: 0.4503\n",
      "Epoch: 500/500, Accuracy: 0.8185, Loss: 0.4507\n",
      "Test Accuracy: 0.8615, Test Loss: 0.3283\n",
      "Confusion Matrix:\n",
      " [[ 5  4]\n",
      " [ 5 51]]\n",
      "Accuracy: 0.8615\n",
      "Mean Squared Error: 0.1385\n",
      "Precision: 0.9273\n",
      "Recall: 0.9107\n",
      "WARNING:tensorflow:5 out of the last 13 calls to <function Model.make_test_function.<locals>.test_function at 0x000002659B1EC790> triggered tf.function retracing. Tracing is expensive and the excessive number of tracings could be due to (1) creating @tf.function repeatedly in a loop, (2) passing tensors with different shapes, (3) passing Python objects instead of tensors. For (1), please define your @tf.function outside of the loop. For (2), @tf.function has reduce_retracing=True option that can avoid unnecessary retracing. For (3), please refer to https://www.tensorflow.org/guide/function#controlling_retracing and https://www.tensorflow.org/api_docs/python/tf/function for  more details.\n",
      "WARNING:tensorflow:5 out of the last 13 calls to <function Model.make_test_function.<locals>.test_function at 0x00000265959F3520> triggered tf.function retracing. Tracing is expensive and the excessive number of tracings could be due to (1) creating @tf.function repeatedly in a loop, (2) passing tensors with different shapes, (3) passing Python objects instead of tensors. For (1), please define your @tf.function outside of the loop. For (2), @tf.function has reduce_retracing=True option that can avoid unnecessary retracing. For (3), please refer to https://www.tensorflow.org/guide/function#controlling_retracing and https://www.tensorflow.org/api_docs/python/tf/function for  more details.\n",
      "Drop Column/Feature Importance (Drop in Accuracy):\n",
      "higher had a drop of: 0.0462\n",
      "studytime had a drop of: 0.0308\n",
      "absences had a drop of: 0.0308\n",
      "health had a drop of: 0.0154\n",
      "internet had a drop of: 0.0154\n",
      "failures had a drop of: 0.0000\n",
      "paid had a drop of: 0.0000\n",
      "schoolsup had a drop of: -0.0154\n",
      "\n",
      "\n",
      "For Target G2:\n",
      "Epoch: 50/500, Accuracy: 0.7911, Loss: 0.4716\n",
      "Epoch: 100/500, Accuracy: 0.7979, Loss: 0.4699\n",
      "Epoch: 150/500, Accuracy: 0.7911, Loss: 0.4625\n",
      "Epoch: 200/500, Accuracy: 0.7962, Loss: 0.4766\n",
      "Epoch: 250/500, Accuracy: 0.7928, Loss: 0.4626\n",
      "Epoch: 300/500, Accuracy: 0.8185, Loss: 0.4370\n",
      "Epoch: 350/500, Accuracy: 0.8048, Loss: 0.4673\n",
      "Epoch: 400/500, Accuracy: 0.8065, Loss: 0.4507\n",
      "Epoch: 450/500, Accuracy: 0.8134, Loss: 0.4415\n",
      "Epoch: 500/500, Accuracy: 0.8134, Loss: 0.4442\n",
      "Test Accuracy: 0.9231, Test Loss: 0.2602\n",
      "Confusion Matrix:\n",
      " [[ 6  4]\n",
      " [ 1 54]]\n",
      "Accuracy: 0.9231\n",
      "Mean Squared Error: 0.0769\n",
      "Precision: 0.9310\n",
      "Recall: 0.9818\n",
      "Drop Column/Feature Importance (Drop in Accuracy):\n",
      "failures had a drop of: 0.0462\n",
      "health had a drop of: 0.0154\n",
      "schoolsup had a drop of: 0.0154\n",
      "studytime had a drop of: 0.0000\n",
      "higher had a drop of: 0.0000\n",
      "internet had a drop of: -0.0154\n",
      "absences had a drop of: -0.0308\n",
      "paid had a drop of: -0.0308\n",
      "\n",
      "\n",
      "For Target G3:\n",
      "Epoch: 50/500, Accuracy: 0.8459, Loss: 0.3837\n",
      "Epoch: 100/500, Accuracy: 0.8476, Loss: 0.3636\n",
      "Epoch: 150/500, Accuracy: 0.8408, Loss: 0.3859\n",
      "Epoch: 200/500, Accuracy: 0.8545, Loss: 0.3640\n",
      "Epoch: 250/500, Accuracy: 0.8527, Loss: 0.3734\n",
      "Epoch: 300/500, Accuracy: 0.8305, Loss: 0.3783\n",
      "Epoch: 350/500, Accuracy: 0.8425, Loss: 0.3717\n",
      "Epoch: 400/500, Accuracy: 0.8596, Loss: 0.3505\n",
      "Epoch: 450/500, Accuracy: 0.8545, Loss: 0.3550\n",
      "Epoch: 500/500, Accuracy: 0.8596, Loss: 0.3529\n",
      "Test Accuracy: 0.9077, Test Loss: 0.2674\n",
      "Confusion Matrix:\n",
      " [[ 3  4]\n",
      " [ 2 56]]\n",
      "Accuracy: 0.9077\n",
      "Mean Squared Error: 0.0923\n",
      "Precision: 0.9333\n",
      "Recall: 0.9655\n",
      "Drop Column/Feature Importance (Drop in Accuracy):\n",
      "studytime had a drop of: 0.0154\n",
